0733300840011202251830003981989742999978999019004402109010
0713600838011212071833003981989840998048998029004616139710
0714300839011210161833003180014902399999499999004316197910
0708800834011210181834003367089443998003918979004617149410
0710200835011207151834003384119442952035998008004217109710
0710400836011207011834003209014902399999899019004217192910
0711500837011204291834003991087442999004898009004217199910
0704100828011209231835003471989542299998997978004312105010
0704200829011209161835003981099442998978998988004312105010
0704200830021209161835003980099241900978997978004312114110
0770300841011202031823003989989598901979899979004102161010
0704400831011209021835003988989403901018998988004312188810
0704500832011208271835003470989642399998997978004412188810
0704700833011208131835003981989498920045998988004412188810
0701000825011204081836003983029798898988498988004512188810
0701600826011202261836003292989201199998997978004412124110
0702300827011201141836003988099498998978998978004416191910
0692700823011211021837003989989498998979497979004416179810
0695500824011204171837003479099542902978998988004107179010
0687100819021211161838003360099647998989998989004516179310
0687100820011211161838003981989747998988999999004516179310
0687400821011210301838003470989444898978998978004216199510
0688800822011207301838003170984998399999898999004116198810
0685000818011204121839003988988898898989898988004507188810
0677800816011208201840003470014903299999899999004416193910
0679200817011205151840003070018998899999899999004516193910
065879999901120427184499999999999999999999999004611 199910
0657999999011206181844003988988898998988898988004207188810
0659100814011203301844003169013903399999499999004611193910
0660200815011201111844003471989542998989998019004411109010
0658500813011205081844003999119442998059998989004311109010
0651100812011209291845003981989740999978997970004101139710
0630200811011210041849002988988898898988898988004407188810
0619500810010110171851001479013903399999099999004507198910
0613300806010112091852003999989403998018998988008411149410
0614900809010108271852001990989403998989998989004611149410
0614100807010110151852008989989341998988998988008507119110
0614200808010110081852001988988898898988898988008507188810
0607600800010112301853003989119598998988901988008507129710
0608800801010110071853001987989541901978998978008507119110
0609900802010107231853006999989498998988998988008611189810
0610300803010106271853001999019999999999999999008211199910
0610700804010105281853001109014903299999299999008611193910
0610800805010105211853001479059597299999997979008611199710
0604800794010107101854006999989442998989998989008111109010
0602900790020111101854008994109403901989998989008511149410
0603300791010110201854004400989598799999997979008516199810
0604600792010107241854002999989498998989998988008111189810
0604700793010107171854001999109403998019998979008111140410
0605100796010106211854001079014903099999099999008311190910
0605300797020106071854008999989442998989998989008311109010
0605300798010106071854002999119440998989998989008311139310
0601900788010101221855008992984541903019998009008106169110
0598900786010108101855002991999498998988998988008506179710
0598900787020108101855002981089144900000900000008506159510
0593400784010108301856001989989503998988998988008607169610
0594600785010106041856001069017903299999899999008307190910
0583100772010107291858001270011903299999099999008411193910
0583400773010107081858001993989547999998997970008411169310
0583500774010107011858002300079503199990997970008411199410
0586100783010101051858001270989652999979998039008211149610
0583700775020106171858002270014903399990099999008411183910
0583700776010106171858002270985903299990997970008411199710
0584000778010105281858005350989603906059997979008511149410
0584800779010104021858008260989501299999901970008511199110
0585200780020103101858002400989703198988898988008311139410
0585200781010103101858001170989605998010997970008311169410
0586100782020101051858002229014903399999099999008211192910
0576600768010111031859001990999443998989998989008406149410
0576800769010110191859001993099742952998998998008306199710
0577200770010109191859004982989201900998998008008106129110
0580000771010103031859001989014943299999099999008407193910
0573600765020106131860008989989541998988998988008307119110
0573600766010106131860001479989542299998998988008307199010
0575800767010101071860002470989044199990900000008606199410
0569000764010104181861008990999147999000000000008406129710
0561000762020108131862005180989441998000998000008306119610
0561900763010108131862003980989442998980898000008306109510
0556300749010109091863001983089598902978904978008312178810
0556500750010108311863005471059602399998997978008112105010
0556600751010108241863001398989498951526998988008112188810
0557100754020107191863008993989411998988998989008711149410
0555700748010110161863001991989717999999999999008511199910
0556700752010108171863002988119497998988998988008112188810
0556800753010108101863003988989498998988998988008112188810
0557100755010107191863007993109411998988998989008711149410
0557600756010106141863001470018998399999999999008711198910
0557600757020106141863001470989643299999998989008711199410
0558200758010104261863002992099401799998998989008711199710
0558300760010104191863001993989401998989998989008711199510
0558500761010104051863003150989003099999997979008711199510
0547900747010104161865001049014998399999899999008707197910
0538900743010112111866001048989698399998998988008212188810
0539500744010111011866001983987842899998898988008412105010
0539700745010110191866001981989442998988998988008512105010
0539900746010110051866001981989498998988998988008512188810
0534800735010109171867005988989442998018998978008212105010
0535000736010109031867001470989542099999999029008216199010
0535500737020107251867008983987798900990999999008416148810
0535500738010107251867005980989643902019903019008416149410
0536600739020105161867005980989642998039498979008416109010
0536600740010105161867004170988643899999999999008416199710
0536700741010105091867001470089697399999999999008416149710
0538400742010101181867005069018998399029899999008516177910
0525100734010107151869005069014998399999099999008407198910
0517800724010112041870001478018998199998099998008712188810
0517900725010111301870001308989642900028997978008312105010
0518100727010111161870005988989498998028998988008312188810
0518400728010110301870005203989498199998997978008712148810
0518700729010110091870001472014902099998499998008712188810
0518800730010110021870005168014998399998099998008712148810
0517900726020111301870001988989698998988999988008312188810
0519200731010109071870005269011902199999099999008316193910
0519300732010108261870001989989545998979898979008516119110
0519900733010107141870008989989440998988898988008416139310
0514700722020107151871008989989840998988998988008607139810
0514700723010107151871003989979716903978998988008607169710
0509800720010106181872008989099241998989998989008207119110
0512100721010101041872001989989342998989907029008407179710
0502200717010112271873001988988898898988898988008607188810
0503200718010110131873001479014902299999899999008107197910
0505600719010104171873005988988841898988898988008407188810
0497600701010111081874007470984502098989498989012716193410
0497700702010111011874001980989543998979998979012716149410
0497900703020110261874001990989543901979901019008116149410
0497900704010110261874001360079643998979998979008116149410
0498100705020110051874001989989657998989998019012116129210
0498100706010110051874001980014905999999199999012116143910
0498200707010109251874008150989705999999999999008516199410
0498500709010109041874001988989642998988998988008516109010
0498600710010108271874005350089642902049999999008416109010
0498700711030108201874002980989443998989998989008416149410
0498700712020108201874002161989643004978498979008416199410
0498700713010108201874002980989643998979998979008416149410
0498900714010108061874001260014998099999499999008416198910
0499800715010106131874001989988841898988898988008607188810
0501800716010101231874008988988898898988898988008507188810
0492400698010110111875001990999447999010998990008106179710
0492900699020109091875005999999442999029999999008406190910
0492900700010109091875005993989705998988998980008406169710
0486900692020111051876012990999444998000998000012706179910
0486900693010111051876001990999747999000999000012706179410
0489300694010105211876001990999642998989898989012706109010
0487900696010108311876002999999442999019999990008406109010
0487500695010109231876001990999542999000999000010606109010
0488300697010108031876005470999642399999900000008406199510
0480500677010101151877001221013902399999499999008212148810
0481200679010111281877001473079602399998997978008312188810
0481300680010111211877001181011902199998499998008312148810
0481600681010110311877001982089141099998097978008312124110
0481900682010110101877005271011998399998499998008312143410
0482000683010110031877005982069441999998497978008312124110
0482800684010108081877005982119441998978898108008312124110
0482900685010108011877002981119442998988898988008312105010
0482900686020108011877001982989441998988898988008312124110
0483000687010107261877001352119441904978907038008412124110
0483100688010107191877005982109241998988898988008412124110
0483200689010107121877001308079642900028997978008412105010
0483200690020107121877005478089602399998997978008412198810
0483200691030107121877003208079315299998497978008412188810
0477000670010109051878001470989642399010900010008409109010
0477200671010108231878001987109642998008902028008509109010
0478600672010105231878001980989097999999999999008416149410
0478800673020105091878005470089545299999998979008416199410
0478800674010105091878002470018902099999499999008416193910
0479300675010104041878002290014902099999499999008416194910
0479900676010102281878002982989315998978998978008412147710
0480700678010101011878001303989106900978997978008212188810
0471100659010110091879002300989642902020900020008409110910
0471200660010110021879001363089642945118998988008409109010
0471400661010109231879001039014931199009099009008220168810
0471600662010109091879002170985603399028098008008220192710
0471700663010109021879003279014603399990099010008220193910
0471800664010108291879001279025903399019099019008520148410
0473400665010105041879007310989642301029997999012716139010
0473900666010103311879005470014902399999299999008116193910
0474100667010103171879002270014902399999299999008116193910
0474800668010101291879002479989543299999999999008316193410
0475100669010101081879001981989543998988999999008316149410
0464900651010111301880001479989998399999999999008207199910
0466700653040108031880001479999903299999899999008207197910
0466700654030108031880001209989997299999999999008207199910
0466700655020108031880001479013903799999899999008207197910
0466700652050108031880001989013942399999899999008207197910
0466700656010108031880001989989498999998999978008207199910
0467900657010105111880001989989805998988998988008207149410
0469700658010101141880001989989398901978901988008307129110
0459000647010112301881002267099642903029900029008509109010
0460700648010109071881005363989642909068998988008309109010
0461700650010107031881001049014902299999899999012707197910
0460800649010108291881005367089642951518998518008109109010
0455500640020108261882002980099642902029997979008611109010
0455200639010109181882005269049697902029902979008511179710
0458000645010103101882002993989657903039997979008511179710
0455100638010109221882002279013903399999499999008511193910
0455500641010108261882002990989657902029997979008611179710
0457200643010105011882005993099602399999997979008111199710
0457900644010103171882001199989403999979997979008511149410
0458800646010101121882005173024997000009997979010411199710
0456900642010105221882001992987903999999999999008111198910
0448300621010112301883001033099602999049997979012711109010
0448800622010111281883003470989440998049997979008311109010
0449000623010111141883001479011902399999099999008311197910
0449100624010111071883005479018903399999899999008311193910
0449600626010109291883001473089502099990997979008611199810
0450300627010108141883001479011902199999499999008711190910
0449400625010110131883001473989602399029997009008611199810
0451300628020106091883005993989651399998997979008611199710
0451300629010106091883001472989551998978998979008611129610
0451500630010105301883005060017903799999899999008311192910
0452100631010104171883001060014997099999899999008211197910
0452100632010104171883005473989651399990997970008211199810
0452300633010104031883001040014998399999049990008211198910
0452800634010102241883001993069706998976998989008611199710
0453000635010102101883002263989602901978910019008611199710
0453100636010102031883001992989698901018997970008611199710
0453300637010101241883005992989697999990997970008311179710
0445300611010107311884005992989641398979497979008311119110
0444900609010108261884005999989498998979997979008211109010
0444400607010110061884001470099604099990917170006209143410
0444800608010109041884001409989045199999999999008411109310
0445500612010107161884001170989942999999999999008311199010
0446200614010105291884005992986998999999999999008411198810
0447000615010104051884001999099642399999997979008611199010
0447100616010103271884002993099642399999997979008411199010
0447600617020102161884003998989642998989998989008611109010
0447600618010102161884002998099605998988997979008611149410
0447900619020101281884001999014941299999099999008111194910
0447900620010101281884001999024942201979997019008111109010
0445000610010108191884001999089641299999997979008211199010
0605000795010106281884001999989503998989998989008311140410
0437800604010112171885001470989642399010999010000409199010
0438399999010101161885001020079542202000900000008109109810
0439200605010109231885005330989642905050900050008309109010
0441700606010104051885002470989642399990000010016109100710
0442399999010102281885001292099241199009951008008609129110
0432500592010112211886001317089541298011998999012217129110
0432800593010111301886004479012902299979297979008217197910
0433000594010111161886001479099698900979997979008217159510
0433100595010111091886001362119541920979998979008217119110
0433400597010110241886007369989602915028998989016717109010
0434800599010107201886001282059641302028900028008409129110
0434000598010109151886001479988898399999998988008307198810
0435800600020105071886002470989642399999900010008509109010
0435800601010105071886002470989642399999900010008509109010
0437300602010101231886005470989642399019900010008609109010
0432300596010111021887001209014902299999499999008217194910
0428400579010110091887005390099550998980998989020711149610
0427299999010112231887002470989642998019998990008511109010
0428900580010109041887002470099642399999997979016711199010
0427500573010112021887005470989642998029998989008511109010
0427600574010111301887007470984903998979998979009311149410
0427800575010111161887001470989653998980903010010311109610
0427900576010111091887008470017903399999099999008311193910
0428200577010110231887016470089647399999997979020711199710
0428300578010110161887003042987998099991097979020711198810
0429400581010107311887006470989697399999998989012711199010
0429800582010107031887001040015902099999099999016711197910
0430600583010105061887001290014997399990399990008511197910
0430900584010104131887010470989602900010997970010311199810
0431000585010104061887005470989647905050997970019311109710
0431300586010103111887001472989602998980998980008511120210
0431400587010103041887001472989602998988998988008511129210
0431900588020101311887005470989647399990997970008111199710
0432000589010101311887001470099647399990997970008111199710
0427400572010112091887008474986998999999999999008501139810
0432100590010101241887001470989602399990998980008111199710
0432300591010101031887001290985840299990898970008111196310
0422000565010112181888002359089642903089898989008217109010
0422100566010112111888001389089650910158498979008217152910
0422200567010112041888001079011902199979997979010217193910
0423599999010109041888001310089642900039997979008201109010
0423700568010108181888001350989644900169997019008601109710
0424700569010106091888001470989798199999997979008601169810
0425500570010104191888002470989341299999997979008401119110
0426200571010103011888001989989698998989997979008401109810
0583900777010106031888008470018903903030099990008411143910
0416500556010112301889001340989642999089999999008116109810
0416800557010112091889001200119016099999099999008116199710
0417400558010111011889001400049540198999998999010516199310
0418500559010108111889002360989143999999999999016716149710
0418800560010107221889002200989516199999997979008116199710
0419000561010107081889001989989498998978998988008116179110
0419900562010105201889001980049443998039398049008116143010
0420600563010103301889001470985615399999998029008616199710
0421500564010101281889001472989441101018498979008116129110
0415800555010102211890005992079444900008900000010506179510
0413100554010108171890001470089602399990900000020706199910
0412200553010110171890001470989602399999400000010506199710
0411200552010112151890008169011903999000999000008106193910
0410900550020101021891001999989603998979997979008511199410
0409900549010103121891001999989903998979997979008411149410
0408400546010106271891001319989542903029997979008611109010
0405700536010112301891003479011903199999199999010311193910
0410900551010101021891001992099641920978997979008511119110
0406200537010111281891005999989441998059998999008611199910
0406600538010110301891002479989403998029998999010511149410
0406700539010110231891001479014903099999099999010511102910
0407500540020108261891002999989698399999997979008311199810
0407500541010108261891001999989903998979997989008311149410
0407800542020108051891001479014903099999299999008311193910
0407800543010108051891001479989442998049998019008311109010
0407900544010107291891003479989541998979998979008311119110
0408300545010107011891005279011903299999099999010311193910
0409000547010105161891001279011903199999997979008611193910
0404600535010103081892009320039642903019997979010201109010
0396100533010109231893002988039317799998998988010607179410
0399400534010102151893001479017903099999899999010307192910
0390400521010110221894001282099401900009998008010109129110
0390800523010109301894001179988898199998899999024707198810
0393300531010104041894001990999743998990998010012306149410
0391900524030107121894002290986941099990000000012406198810
0391900525020107121894001399099641901000999020012406119110
0391900526010107121894001992989441903039999990012406129110
0392000527020104051894001992989441999009999990012406129110
0392000528010107051894001992999444999009999019012406149410
0393000529010104251894001990999106900009999999012306199510
0393300530020104041894001990999443999000999000012306149410
0385300517010108051895008989099542914978998988010107109710
0386600518010105091895001479099541299999998988016407199110
0388200519020101161895001982099941902988902988016307119110
0388200520010101161895001982099941998988902979016307119110
0377500508010112221896003478099642399998997978012212105010
0379200515010109091896009993089712999998998988012307199710
0377700509010112081896006028099698900028997978016212188810
0377800510010112011896001028014903900028299998012212143410
0377900511010111301896001048029798099998997978008112148810
0378000512010111231896005988989442912048997978008112105010
0378800514010110031896002989989597998008998988012607179410
0379900516010107181896001399119341998988998988012607119110
0372600485010111151897001311089642900038997978008112188810
0372600486020111151897001471989642399998997978008112105010
0372800487010111011897067471989202199998997978016112188810
0372400484010111291897001471989502299998997978010112188910
0373200488010110041897008472099202199998997978010112127710
0373400489010109231897001983989142900978897978012412105010
0373400490020109231897001982989141900978997978012412114110
0373500491010109161897005333099602900058997978012412178810
0373700493010109021897001982039041900978497978012412114110
0373900494010108231897001982989441900978903978008112114110
0374000495010108161897002983069415902018901028008112105010
0374400496010107231897010470989602399990099970010502199710
0374400497010107231897010470089602399990099970010502199710
0373600492010109091897005292099241099998997978012412124110
0374400498010107231897010470099602399990099970010502199710
0374400499010107231897005982989341999979997970010502119110
0374500500010107161897001470099602399990097970010502199710
0375500501010105131897001993989943999978997979012402179810
0376200502010103221897001989979615298019998019010102179010
0376300503010103151897004989989043998970998970010102149410
0376600504010102221897002473089715998978903049010102169010
0376700505010102151897001269017915099970497970010102197910
0377200506020101121897004479970341199970097970012202194110
0377200507010101121897003989989215998978998970012202169710
0378300513010111021897002981119403998978997978016112143410
0366900482020112151898001179029502299999998978012407199710
0366900483010112151898001179017913199998899999012407197910
0361700470010112071899001470119642399999999999016716199010
0361800471010111291899003980989541998979998979014316119110
0361900472010111221899001989099542998988898989014316109010
0362900474010109181899001980989641998979901079010116119010
0363100475010109041899001470014915399999499999010116197910
0363800476020107191899001992986998999998999999012316128810
0363800477010107191899001982989441998978998979012316119110
0364200478020106221899002360989641998979998979014416119110
0364200479010106221899002982099341998978997979014416129110
0364300480010106151899002470989842899999999999014416199010
0362100473010111081899004980989543998979998979014316194910
0364900481010105051899001982989441998028998989014516129110
0356900469010111021900001279989343099999998988014507199722
0356700468010111161900003372099741900008998989014507119122
0350600451010111011901005478089642399998997978016512105022
0351200452010109211901002471986903199998898988014612188822
0351400453010109071901001048014903299998499998016612143422
0351900455010108031901001988989442998978997978012612105022
0351900456020108031901002478079642399998997978012612105022
0352100458010107181901001982989652998028997978012412117722
0352300459010107041901001982989441910028997978012412114122
0352500460010106171901002479989642399998997978012112105022
0352700461010106031901001338989602900058997978012112188822
0352700462020106031901003471017944099998499998012112114122
0353000463010105151901001292989401198978998978016312124122
0354200466010102171901003472089444199998997978024712128822
0354400467010102031901004038988914099998097978024712148822
0353800464010103181901002478989642399998997978012112105022
0318900414010112061907001289014931301979499999018511197922
0320300416010109011907001999109441998988998989016711119122
0320100415010109151907001239099403998979997989020711149422
0320300417010109011907001151016902099990099999016711198922
0320700419010108051907001999119442998028998978014111109022
0320900420010107211907001479089602399999997979012711199022
0320900421010107211907004999989498998988998988012711109022
0321400422010106151907003370989402906979998979016601119122
0322500423010104051907001980989657998019998979018501119222
0320600418010108121907001997989442998983997979014111109022
0323800425010101031907001010029702099999999999016401199922
0314000407010111051908001472039541299992097970016402199122
0314300408010110161908016032989341000972498970016502119122
0316900411010104181908002470015941299970999970018602164922
0345900445020110151902001479989341899999998989016307199722
0347700449010106031902001989989441998988998988016207119122
0345900446010110151902001479099341902979998989016307179122
0346700447010108211902005982989397998988998988014407189822
0347300448010107061902001988989841998988998988032707189822
0347900450010105201902002981989398898988998988016207189822
0340500437030111041903006980989643998059998049016301140422
0340500438020111041903003470017903299999499999016301140422
0340500439010111041903003989989643999029902979016301140422
0340900440020110051903005360079443998979902979012101149422
0340900441010110051903003300079642901019997979012101101022
0342700442010106011903001340109542905019903979012101109022
0344406443010102021903001382989241998978998970014101129122
0344400444020102021903001470079641399999997979014101119122
0338300429010104031904001389989642998138901978036707109722
0338600430010103171904009471989642398018900000016418109022
0338800431010103031904009070011903199990099990016418190922
0339100432030102151904014300069541902000900000014118119222
0339100433020102151904001033989643199991900000014118199422
0339100434010102151904001470989541299999998979014118199122
0339500435010101201904006330079541905000998000016318119122
0339700436010101061904001993989716999998000000016318199022
0331600428010107161905001989989842998989998988032707109022
0325700427010109051906001259989304199999997979016399199422
0325300426010110031906001980989742901019998979018301169722
0322700424010103201907001300989647999029997979016399109022
0318700413010112201907001079011903199999199999018511190922
0354000465010103041901001478989544299998997978012112188822
0351400454020109071901005249017903199999899999016612119322
0315200409010108211908001479119542299970097970014502199022
0315600410010107211908002982089241903978998970014202119122
0318500412010101021908001992099441902978998979016411119122
0309000398020111061909005472989745999973099970018602199222
0309000399010111061909001020044645902970097970018602109022
0309600400020109201909001291986941099978997970018102127722
0309600401010109201909001982989441298978498970018102119122
0310100402010108161909001470989642399999999999014102199022
0310600403010107161909002479119341998988998988014507179122
0311000404010106191909001030099740999979997970016602139322
0311200405010106051909003992099498999972997970016602179722
0311600406010105041909006982979341902978902970018202129122
0306800393020104151910018992119401998978898979018502129522
0306800394010104151910006980989441898979898978018502119122
0307200395010103211910003372099441998978998019018102119122
0307400396010103071910001991989441999978398019018102199122
0305100392010108021910002472989701199998997979014201129122
0307800397010102031910001372099441898978498970018402119122
0304200904010110021910001992989998998198999999016707191822
0304200905020110021910001291989998899998999999016707199822
0304200906030110021910001291989998899998999999016707199822
0298000391010112041911009479989642399999998989024107199022
0297699999010101031912007999089641900970000000022309119122
0287400376010112171913001200119516000000154000020318169422
0288000377010111031913001982989641998018998010018118119122
0288200378010110191913010362099641900008900000020718129122
0289300379010108021913001181987616099998000000014618198822
0290000380010106161913002181109216099990998000018118199122
0290500381020105161913003332099341901001998000020518119122
0290500382010105161913001200989113900000900000001518199122
0290700383050105021913020362119506905008907008020518129122
0290700384040105021913020992119106009000900000020518129122
0290700385030105021913011372099441998008998988020518119122
0290700386020105021913005982099441998008000000020518129122
0290700387010105021913005330099541905000000000020518119122
0290900388010104201913003070011998199990099990022718197922
0291300389010103201913001200014931299990499000022418197922
0292300390010101061913001470989742299009900009020109199722
0284100369010107191914001290014902001999099999084716124922
0284600371010106151914001471987445099978998979016116119122
0284800372010106011914001980989447998999998999020116175922
0285300373010105031914003290989106099999997999090716199522
0286100374010103171914003310989315901979901979020216179022
0286300375010103031914001400011902199999199999018216196922
0278500357010108161915001980989542998000998000016119109022
0278700358010108021915001982119441998018898008016119119122
0281600367010101161915001320099647999049997979016601109022
0281800368010101021915001980089750998979997979014601149622
0271600359010112071916004997017925799999299999024402199922
0272000360010111051916010260029031199970497970024702193422
0272200361010110181916022982989441998978998970022302119122
0272900362010109031916016470989407902978920978016702169722
0273100363010108181916018470011957199990097970018502190922
0274600364020105031916024400981597299978097970024302197722
0274600365010105031916001982119441998978998029024302119122
0276200366010101171916001369109440398018398018020102166322
0266999999020110171917006999119116999999998988022307199722
0267300350010109201917002250017904899999499999021401197922
0268500351010107021917001377089403998978998979018101149422
0268700352010106211917001997989743900001000000024419159722
0269800353030104071917003310989553903000900000018619179722
0269800354020104071917003993029797999990000000018619199722
0269800355010104071917003310989597901000998000018619179722
0270500356010102161917003303985998901000900000020519178822
0266999999010110171917006993109316999998998988022307199722
0264400349010104061918010079989943906978999999024607179922
0256400341030110061919019183989642898018900000036118109022
0256400342020110061919003349989642902010900000036118109022
0256400343010110061919001992109497998018950000036118129122
0258200344040106051919002989989751998978998978028407149722
0258200347010106051919002989989841998988998988028407199922
0258200345030106051919002241989341099998998988028407199122
0258200346020106051919002989989841998988998988028407199922
0258900348010104151919024988989842998988998988024207189822
0252000336040108061920001989119502998988998988028507179722
0252000337030108061920001982119341999998998988028507199122
0252000338020108061920001982119741999988998988028507199122
0252000339010108061920001982119441998988998988028507119122
0254600340010102161920004988049717998988998978028116179722
0245100330010111061921003470081503301000000000024713143422
0245900331010109151921003981989542998008898000036418109022
0245900332020109151921004470099642399990900000036418197022
0246100333010109011921001980119641998980902010032418119622
0246900334010107161921004370989543998000998000018618158822
0244900903010111201921014299017998299999899999024707198922
0239400322010112011922006391989702998988998988036507119122
0240600323010109171922001070011903299990099990046718190922
0240800324010109031922002470029641299990900010029718199122
0241200325020108051922002981089541903001998980020618199922
0241200326010108051922002982989614901000900000020618179122
0241900327010106201922021170989798099970097970040216191422
0242300328020105181922005479039741000979497979040416174122
0242300329010105181922001992989741999028497979040416129122
0229700319010110071924001993119216999970997970048216169122
0230100320010109051924001982099101900970998970036516129122
0230300321010108191924019201989798099978997970036216198822
0214300304020109061925018992069347999991997979052216199722
0214300305010109061925001993066798000978497979052216189822
0224000312010111021925001478119143199998997978048112145022
0224500313010110011925014478989425199998900978056412105022
0225300314010108161925002281013941399998099998028712194122
0225300315020108161925025988119142900978997978028712105022
0225700316010107191925014471989342199998997978022712195022
0225900317010107051925001988109444998978998978022712105022
0225900318020107051925018988989105900978997978022712143522
0218199999010112031926999999999999999999999999048507199922
0218400308010111161926020249049743299999998989044207197822
0222200310010103031926001362119406953979953979048217169122
0222400311010102191926002989109241998979998978044517169122
0220200309010107201926034039099815998988998988044207179122
0213100302010112071927001180017931099999499999060316198922
0214900306010107191927025180039698399990997970048216199722
0213500303010111061927027470011903199999199999040716143922
0216600307010103181927023209059502299999998979044507192722
0210200300010107031928023470989642399990000000044205109022
0210400301010106211928001470059642399990900000052405109022
0203700293010110031929001370074650924030902970064402119722
0204000294010109161929001470989641398010999970056102119122
0204900295010107151929025980989342998970798970044102109022
0205100296010107011929029280989041199970097970056102119722
0205700297010105181929009470989602399990097970040602199822
0206300298010104041929002992989741899978199978056402179122
0207400299010101181929004353079147900970997970048517169422
0202699999010112191929024239014913399038899999056407197922
0201500288030103071930025380094441004010000000048505119122
0201500289020103071930001370989451910000000000048505149722
0201500290010103071930001390112451252000204000048505159722
0199500279080108021930001989099515998989998988030607179422
0201900291010102021930003470099642399000900000028705199022
0202200292010101171930014470079241199000902000048505179122
0197800277010112051930016989089550998978998978052507149722
0198200278010111031930010279069003199998998978044107199422
0199500280070108021930001989059543998978998978030607149822
0199500281060108021930001989099515898978998978030607179422
0199500282050108021930001369119043902978905978030607179422
0199500283040108021930004479089515299999998978030607199422
0199500284030108021930004989017905898988899999030607187922
0199500285020108021930004989029205898988998988030607189722
0199500286010108021930004989059205998988998988030607189522
0199900287010107061930001321099642902028902020024705109022
0090400185010106181931044370980241000000400000044105129122
0193500276010110041931024360089402998979998979032701119122
0187100264010112201932016370989751998039904979040201109622
0187300265010112061932007340989547906979997979046201119822
0188200267010110021932032171014913099970899970040702192922
0188400268010109171932006470014941399990097970032602194922
0188600269010109031932028170079013099970497970028602199522
0190500270010105021932003980079243998970898970036102169422
0188000266010110161932001361099313003978499970040702169422
0190700271010104181932001470989602399990097978034102199722
0190700272020104181932005470035698399990097970034102199822
0191100273010103201932007370989950999970997970028702119622
0192000274010101161932009370987750998970097970034602149622
0192200275010101021932001477988643998028099999026602149422
0183300256010110171933018389109543998978998978044207149822
0184300259010108051933001992989704999978997979026601129422
0185200260030106011933021998099216999970198970036417169522
0185200261020106011933011992109141999970997970036417129122
0185200262010106011933009369099443998979905999036417169422
0183700257010109201933001471989503998988998988036307179722
0185500263010105171933018992119241898988898988036317119122
0178300250010110041934004980989450952019997979048401119622
0178700251010109051934001472119101998978998019044301129122
0179000252010108151934036380089750902979997979036301119622
0179000253020108151934036980989703998979998979036301149422
0180500254010105061934010471099415903978998978045707179422
0181100255010103211934023991109741902978998978044307179122
0174000243010107211935003982982541951000951000026705119122
0174000244020107211935023470099642300000000000026705195022
0174400245010106171935003992989441998008951010038105129122
0176000246010103031935001997081225003000400000034705149422
0166500241010112041936004033099214099999097979052501169722
0167800242010109041936006473089214099990997979040501199722
0161100234010112171937017999099241999970997979052514129122
0161100235020112171937017999989241999971997998052514129122
0163400236020107011937008980989452908019999999056401119622
0163400237010107011937001993089714999999997979056401179522
0163600238010106211937001980989450920029905979038101119622
0164700239010104041937039987989497998978998970042701119622
0165400240010102211937019049109208099998998978026707199722
0157300228010109021938001479099415998988998988038507179122
0157650229010108151938005997039303999998998978032107199722
0158100230010107151938018989099016998988998988038507169122
0158700231010106051938028289059503299999998978048707199722
0157100227010109161938006289079541899999998978044507191922
0159300232010104211938001399069043998988907978042407149722
0159500233010104071938011479039541299999998978044407199122
0152400221010108211939030479099542298988998988040107109722
0150900220010112041939010351099443900001900000040118149422
0146600214010110011940001279989303099999998988048207199822
0145500211010112201940014472039541399998400978052512114122
0145900212010111201940008991017998999998499998046312198922
0147000215010109031940012388986998900978999978036212188822
0148600217010105181940008983099297900978997978034612177522
0148800218020105041940019292989741199998997978032612124122
0148800219010105041940008992059941898988898988032612124122
0143400209010105171941008390119125900000000000032618169422
0144100210010104011941001392119341900001901000048218119122
0136800213010108011942001989989541998989998988026607119122
0120000207010110061945003981989441998978998978023616119122
0124100208010101061945001479014998999999899999024607197922
0119199999010112071945015982989241999999998988038507199122
0118999999010112211945014992119141999999998978036507199722
0113800203010112181946008470119197799999997979060301169722
0114900205010110021946003380099450928979909979060301119622
0115100206010109211946030320989798904979498989030601169022
0116100907010107211946026989980341998988998988026607119122
0116499999010106161946015993017997099999899999044707197922
0115399999010109071946018989989705998988998988028607149722
0112500199010103181947028180985998099999899999056201148922
0112700201010103041947022280039541299999997979052201119822
0113400202010101171947001213017904199999099999046501171922
0109699999010110151947031982089241999999998988056307191922
0111799999010105201947021299989998399999999999052207199922
0104400195010110151948001280061545998970998970048516119122
0106000197010107011948015980099545105970998970048416119122
0105000196010109031948002370989845998978998978040516119122
0106700198010105171948001980989347998978998970040116179122
0106700198010105171948001980989347998978998970040116179122
0107100902010104211948001289015998299998899998056307198922
0099600191010109151949001990079798999999498979056416193422
0100500192010107211949005989079542898988498979046416105022
0101200193010106011949024280985698898970097979064316118822
0101200194020106011949036150989197099999999999064316149122
0102600200010102161949050470089105199999997979052301169522
0102299999010103201949035049017905099999099999080707194922
0093500187010111071950030997989343999001000000056219149422
0094200188010109161950009992059341999998900009034619199122
0094800189010108071950007980989506998000998000038119109022
0095400190010106171950001999989843898978898988030616149822
0097199999010103011950004299079201199999998978056307199122
0097599999010702041950999999999999999999999999028607199922
0091800186010103041951051987076945905008400000096705114122
0079000178010109061953027280018998399999399999054716197922
0079200179010108191953054199014998399999899999054316198922
0080600180010105061953025982987942100978097978064312135022
0080600181020105061953001288069641399998998978064312114122
0080900182010104161953033203119105899998997978060412144122
0081300183010103201953015982017941199998099998048412124922
0082200184010101151953001982119101900978997978052412124122
0077800900010112041953001992089741998977998979002507119122
0077800901020112041953002339089541998978998978002507191922
0074800174010107031954004170018998399999099999028616198922
0076500175030103021954016040029698099999497999050216193422
0076500176010103021954001473044697905988497979050216143422
0076500177020103021954016040017998099999499999050216198922
0067100165010112161955020982029841898988898988060512188822
0067500167020111201955090982089101900978997978136712129122
0067900168010110191955028414014942199998099998068312135022
0068100169010110051955069982109201900978997978072312124122
0070700171010104011955006988069705998978998978054512143422
0067500166010111201955057982989241900978998978136712141922
0068300170010109201955032470029642399998497978064212150922
0071100172010103071955001292099201199998997978048112124122
0071700173010101201955001280984941399998899998056412194922
0061500153010112161956068302089541902978997978120712199122
0062100154020111071956021982015998900978099998064312188922
0062100155010111071956017210989131099990997970064312199422
0063100157030109011956006987069242999970997970034612109022
0062900156010109151956001983989242900970097970036612109022
0063100158020109011956006988109442900978997978034612109022
0064700160010105211956017987989742998978998978050112109022
0065400161010104011956035988989498998988998988092712129122
0066100162010102191956001418014942399998099998096712197922
0066100163020102191956001993099125999998997978096712199322
0066300164010102051956060470109142099998997978110712109022
0057500151010109211957001479989742099999898988040607199022
0057900152010108181957073471099242099000900990104709195122
0051800144010110191958073984986940999995497979136701139822
0052000145010110051958048470099125099999997979138701179722
0054500146010104181958025983099216900978097978048512149022
0054700147010104041958007983099114099990997970044512149522
0055400148010102201958052992986941099978899998052412128822
0055800149010101181958001992059701999998997978036612199022
0056000150010101041958007408011942399998499998032612191922
0051499999010111191958001479987541898988898988076307124422
0050700143010101051959008470989147099999997979048101179722
0044900139010102171960021360089742998979998979068301109022
0004700136030103031960015992989206999998999999060407199022
0044700137020103031960015992989206999998999999060407199022
0044700138010103031960015992089206999999997979060407199022
0045400142010101171960002470989642399999997979012701109022
0044200135010104031960050994989940999992999999132707199922
0045100141010102031960022472989242199999997979068301129022
0045699999010101031960004984989940999999999999092707199922
0044799999010103031960001983119111999999998978060407199722
0044599999010103171960022471079107899999997970068407199522
0044299999040104031960050994989940999999999999154707199922
0044299999020104031960050992989206999999998988154707199022
0044299999030104031960050989109115998988998988154707179522
0035600130020111191961054982099206999998998078128707199022
0035600131010111191961054049119143099999997978128707199422
0036000132010110211961048289989902399999999999048607194922
0036200133010110071961011989099206999998997978048607199022
0031200129010109181962001984989942999999999999068207199922
0034799999010101171962015984986942900008999008068309105922
0027800128010105021963021993101904999999999999072411149422
0027600126020105161963024992989204999970997970092411129022
0027600127010105161963024992109204999970952970072411129022
0027100124020106201963019999099204999970952979068411199022
0027100123030106201963019992119304999970952970068411129022
0027100125010106201963019994986998999999999999068411199922
0027100122040106201963020993989104999970997970068411179022
0026900119030107051963003999119205999999999999044511199422
0026900120020102051963001249119004199999999999044511199022
0026900121010107051963001993099204999970952979044511199022
0026700117020107191963009153069104999970997970059511199022
0026700118010107191963007993069304999970910979054511149022
0025200116010111011963020993079304999970925979068511199022
0025000115010111151963022992089304999979951979072511129022
0024700114010112071963001270014997099990099990056618197922
0024500113010112211963011470079147099999997979048601169722
0019200089010112201964052470109123099999097990072716143422
0019400090020112061964044310988644399039898989172716158822
0019400091010112061964024470089125000999097999172716143422
0021500105010107161964012180037716099990497970064416145022
0019700092020111151964072470079197000999498978136716125022
0019700093010111151964049470089114100999797999136716197922
0019900094020111011964055994987798999998999999128716109822
0019900095010111011964042020079214099999997979128716149722
0020100096020110211964021110010998199999499999096316197922
0020100097010110211964001170011902899999299999096316191922
0020500098010109181964024994987798999998999999036516108822
0020700099030109041964011470984698399999898999054516198922
0020700100020109041964010980099011900970997970054516109022
0020700101010109041964001470011903799979499999054516193922
0021000102010108151964009470049642399999497979048616195022
0021000103020108151964018992989406908978998978048616199022
0021500104020107161964019990989106900970198978064416149522
0022100106010106031964019988989442998988898988088316109022
0022300107010105191964032170069207000970497970076216149522
0023200108010103171964025160089208000970097970072216141022
0023800109010102041964022989099315998978203978068216179022
0024100110010101151964014170089113000970197970064316145022
0024300111020101011964012040017902099990499999042316197922
0024300112010101011964010200089216099990497970042316165022
0014400067010111191965014470109144099999997979080501169522
0016100069010107151965001988989142900978997978060412150922
0014400068020111191965027320029742901979997979080501101022
0016300070010107011965013353014942900978499998064412148922
0016500071010106211965001988119498998978951978060112198822
0016700072010106071965033988109142900978997978076112185022
0016700073020106071965039983069108999999099999076112148522
0017200074010105021965047411986942000978899998128712108822
0017200075020105021965060341989542906978897978128712108822
0017500076010104151965001982119106900978997978068412124122
0017500077020104151965018982989142900978997978068412125022
0017700078010104011965001988099142999998897978072412145022
0017900079010103181965003991017923299998999998068412199922
0017900080020103181965001988119108998008997988068412145022
0017900081030103181965001181089106099998997978068412196322
0017900082040103181965020043099106099998997978068412144022
0018100083010103041965009998089123999998097978064412188522
0018100084020103041965014418039642399998997978064412105022
0018100085030103041965023478989898898018898988064412107722
0018300086010102201965001993099215999998942978054607199522
0018500087010102061965001033079242099998897978054612100022
0018500088020102061965011983089242902978998978054612145022
0008900047020112031966033988989206999999998988080607199522
0009300050010111071966004997119247999999998988076107199522
0008900048010112031966028419014998299999899999080607198922
0010799999010108071966036999089123999999997979084707195922
0009100049010111211966053479989315999998999998092107199522
0009800051010110021966001479011998099999999999166707197922
0010900054030107191966006999069543999978997979080211159722
0010900055020107191966001999099442999979912979080211199022
0011100057030107051966039999069304999979906979076211169022
0011100058020107051966022993089304999979938979076211199022
0011100059010107051966003990089223999979997979076211199522
0011300061030106181966028999119204999979997979069611199022
0011300063010106181966013993049798999998904999069611199722
0010500052010108211966074988989942999999999999096707199922
0010700053010108071966001999119223999999999999084711199522
0010900056010107191966001999099442904979902019080211149022
0011300060040106181966028419015942299999499999064611197922
0011300062020106181966026999989498998988940988069611199022
0012300064010104151966001992089503900000900000080510149722
0012500065010104011966005999089543907979997979072511159722
0012700066010103181966028039099223099999997979080511199522
0010799999020108071966036993017923999999899999084707197922
0010799999030108071966047389119342998988998988084707159822
0010399999010109021966001479039698399999998988064507199822
0010399999020109021966001992989406999999998988064507199022
0010399999030109021966040992989442999999999999064507199922
0006600045010105011967002993089124999999998988076107149422
0003500030010112021967001473089216999979451979080602169522
0003900031010111031967030987989415904978451979092502169022
0003900032020111031967030470099043199979999999092502199522
0003900033030111031967032070039798099970999979092502199822
0004200034010110151967068998119498999978454978086702199722
0004600035010109191967013993079223999979499970096202169522
0004600036020109191967036983979216901979915979096202169022
0004800037010109051967030372099415906978998979088202169022
0005700039020107011967001988989806898988998988050607199922
0005700040010107011967010473119106999998998988050607199522
0006100041040106031967017370109750998979998019064601109622
0006100042030106031967016479989344998979998979064601179022
0006100043020106031967001472989444998978998979064601169022
0006100044010106031967001243109706099998902979064601169522
0006800046010104201967029989989342998988998988088407109022
0005799999020107011967010993119106999999998988050607199522
0005799999030107011967010993079206999999998988050607199522
0005500038010107151967001992989406998988998988050607199022
0005799999040107011967010999089106999999998988050607199522
0005799999050107011967010993099106999999998988050607199522
0005799999060107011967010993099106999999998988050607199522
0005799999070107011967010993089106999999998988050607199522
0005799999080107011967010993089106999999998988050607199522
0005599999010107151967001992989406998987998988054607199022
0001700011140104061968001999999942999999999999080602199922
1891800002010110021968030993986923999989997999072302197722
1891800001020110021968001989989247910979409979072302169522
1892000003010109031968025989989642999019999019088202109022
0000200004020107191968010989989742999049402999072502109022
0000200005010107191968008997989442499978451979072502169022
0000600006020106181968028999029216999999402999096202179022
0000600007010106181968002999989223999979402979096202199522
0000800008020106041968012990017923999999999999096202199922
0000800009010106041968012980089223900970411970096202169522
0001100010010105171968040993099244999978999979048502179722
0001700012130104061968001997979442998978998979080602179022
0001700013120104061968025479014941399019999979080602195922
0001700014110104061968023992989442999998999999080602179022
0001700015100104061968001997119442998988998988080602179022
0001700016090104061968022997989441998978998978080602179022
0001700017080104061968022997989442998978398019080602179022
0001700018070104061968022997989342999978999978080602179022
0001700019060104061968022389989442905978898978080602169022
0001700020050104061968022992099342999978998978080602199022
0001700021040104061968022992989442998978998978080602199022
0001700022030404061968022992989442998978999978080602199022
0001700023020104061968027181987747199978999979080602198822
0001700024010104061968027992989442999978298979080602199022
0002200025010103031968050037099044199999999999080702169522
0002400026010102161968016993099247999979444979076502199022
0002400027020102161968016999099315999978403979076502199022
0002900028010101171968094471987941099978999979096302199722
0003100029010101031968003471977998099970999979096302198822
0155700223010112251938003292109101999979897979018703199922
0155900224020112111938013290999101999999999999064703199922
0155900225010112111938010290079101999999999999064703199922
